replit-boj list
5615
4195
7869
1450
14502
12865
1854
17472
1414
6086
10868
7662
23085
1202
2812
2941
1107
2310
2636
1071
1511
2133
17086
6439
2527
1708
13976
2457
16496
10825 sorting
1422
2437
8911
6068
14503
2180
2911
15903
8980
15703
11501
12781
9659
12107
1351
14728
14572
2056
2513
11414
12841
14565
3955
13560
3085
1018
13904
4796
2503
16500
1700
2206
11052
11057
1992
2104
1725
2512
6236
2910
7569
14671
26073
4179
3055
2904
12850
15748
7570
2631
17071
13913
12920
2573
1759
1987
2580
10597
17136
1339
1405
10165
4803
2696
11559
17435
3117
261
12837
1493
2357
14438
14428
16562
14868
3197
31404
11025
1786
11585
4354
1893
1305
10266
5052
11778
2401
11563
10830
14289
n과m9
11059
15918
1091
28333
28127
2273
19805
15665
16463
1083
2011
11895
10973

